1 0.438125 0.246667 0.138750 0.136667
1 0.210000 0.484167 0.145000 0.155000
1 0.316250 0.595000 0.137500 0.173333
1 0.550625 0.355000 0.143750 0.150000
1 0.553125 0.597500 0.138750 0.168333
1 0.660625 0.475000 0.131250 0.186667
0 0.233125 0.241667 0.126250 0.146667
0 0.323125 0.365000 0.123750 0.163333
0 0.429375 0.486667 0.133750 0.173333
0 0.441250 0.728333 0.142500 0.180000
0 0.673750 0.719167 0.142500 0.188333
0 0.643125 0.254167 0.121250 0.168333
0 0.196250 0.725000 0.157500 0.186667
1 0.890000 0.453333 0.170000 0.196667
1 0.790625 0.600000 0.146250 0.200000
