1 0.499375 0.127500 0.068750 0.081667
1 0.550625 0.177500 0.076250 0.088333
1 0.368750 0.333333 0.080000 0.100000
1 0.437500 0.380833 0.075000 0.091667
1 0.451250 0.523333 0.087500 0.110000
1 0.611250 0.635000 0.110000 0.140000
1 0.813750 0.650833 0.090000 0.131667
1 0.693750 0.470833 0.090000 0.115000
1 0.567500 0.745000 0.090000 0.133333
0 0.418125 0.610000 0.106250 0.123333
0 0.485625 0.676667 0.098750 0.126667
0 0.571875 0.490000 0.071250 0.100000
0 0.648750 0.350000 0.080000 0.103333
0 0.543125 0.357500 0.091250 0.095000
0 0.569375 0.290000 0.086250 0.093333
0 0.478750 0.315833 0.100000 0.095000
0 0.459375 0.207500 0.081250 0.095000
0 0.772500 0.246667 0.085000 0.096667
0 0.795000 0.442500 0.100000 0.105000
