0 0.477500 0.574167 0.145000 0.165000
0 0.610000 0.807500 0.185000 0.245000
0 0.079375 0.530000 0.136250 0.153333
0 0.669375 0.249167 0.123750 0.125000
0 0.795625 0.175000 0.123750 0.116667
0 0.526875 0.040000 0.086250 0.070000
0 0.262500 0.219167 0.112500 0.088333
1 0.405000 0.160833 0.087500 0.098333
1 0.794375 0.500833 0.163750 0.171667
1 0.659375 0.358333 0.136250 0.140000
1 0.528750 0.436667 0.157500 0.143333
1 0.398750 0.439167 0.137500 0.138333
1 0.168125 0.414167 0.156250 0.138333
1 0.320625 0.322500 0.128750 0.125000
1 0.422500 0.325000 0.130000 0.123333
1 0.555000 0.249167 0.115000 0.108333
0 0.180000 0.219167 0.105000 0.115000
