1 0.486875 0.320000 0.083750 0.103333
1 0.576875 0.321667 0.086250 0.116667
1 0.668125 0.321667 0.091250 0.116667
1 0.758750 0.325000 0.085000 0.123333
1 0.664375 0.440833 0.101250 0.121667
1 0.761250 0.444167 0.095000 0.125000
1 0.487500 0.680833 0.095000 0.118333
1 0.576875 0.681667 0.088750 0.130000
1 0.671250 0.684167 0.095000 0.128333
1 0.762500 0.685833 0.097500 0.131667
0 0.486875 0.444167 0.093750 0.108333
0 0.576250 0.441667 0.087500 0.120000
0 0.486875 0.566667 0.101250 0.110000
0 0.573750 0.556667 0.100000 0.123333
0 0.666250 0.556667 0.087500 0.110000
0 0.758750 0.568333 0.090000 0.126667
0 0.850000 0.565000 0.085000 0.120000
