0 0.245000 0.627500 0.102500 0.121667
0 0.146875 0.730833 0.126250 0.138333
0 0.363750 0.355000 0.100000 0.110000
0 0.557500 0.345833 0.115000 0.101667
0 0.453125 0.434167 0.108750 0.111667
0 0.545625 0.431667 0.093750 0.096667
0 0.648750 0.530000 0.112500 0.116667
1 0.351875 0.620833 0.113750 0.128333
1 0.354375 0.440000 0.103750 0.113333
1 0.350625 0.530833 0.126250 0.125000
1 0.457500 0.524167 0.117500 0.138333
1 0.550625 0.535833 0.098750 0.141667
1 0.636875 0.420833 0.103750 0.118333
1 0.728750 0.426667 0.110000 0.130000
1 0.722500 0.332500 0.112500 0.121667
1 0.456875 0.346667 0.111250 0.113333
1 0.370000 0.265833 0.090000 0.111667
1 0.461250 0.187500 0.092500 0.105000
1 0.459375 0.263333 0.101250 0.096667
1 0.541875 0.261667 0.098750 0.106667
1 0.628750 0.259167 0.090000 0.121667
