1 0.220000 0.224167 0.117500 0.125000
1 0.333125 0.333333 0.113750 0.113333
1 0.331250 0.444167 0.117500 0.121667
1 0.553750 0.556667 0.130000 0.123333
1 0.666250 0.670000 0.112500 0.133333
1 0.674375 0.897500 0.141250 0.145000
1 0.553750 0.766667 0.125000 0.116667
1 0.436875 0.877500 0.128750 0.131667
1 0.441250 0.781667 0.120000 0.140000
1 0.443750 0.666667 0.115000 0.126667
1 0.335625 0.675000 0.118750 0.136667
0 0.662500 0.226667 0.130000 0.130000
0 0.883125 0.445833 0.118750 0.125000
0 0.778125 0.454167 0.118750 0.148333
0 0.660000 0.449167 0.125000 0.141667
0 0.553125 0.326667 0.121250 0.133333
0 0.445625 0.334167 0.113750 0.125000
0 0.216250 0.555833 0.125000 0.118333
0 0.225000 0.671667 0.125000 0.123333
0 0.222500 0.779167 0.132500 0.148333
